iter, 	 x_0, 	 f(x),	 df(x),	 error 

x1 =

   2.9474e+00

0.000000,	7.000000e+00,	4.400000e+01,	1.400000e+01,	-4.052632e+00

x1 =

   2.2477e+00

1.000000,	2.947368e+00,	3.686981e+00,	5.894737e+00,	-6.997141e-01

x1 =

   2.2361e+00

2.000000,	2.247654e+00,	5.194973e-02,	4.495309e+00,	-1.158622e-02

x1 =

   2.2361e+00

3.000000,	2.236068e+00,	3.451022e-07,	4.472136e+00,	-7.716720e-08

x1 =

   2.2361e+00

4.000000,	2.236068e+00,	-1.776357e-15,	4.472136e+00,	8.881784e-16
